10610	1863
10778	1037
133	8024
1459	2130
1637	6190
1743	2280
2056	1061
20715	5924
20716	5248
20844	2069
2093	3331
21320	13972
21402	1041
2162	2468
21633	1102
22258	1192
2312	1343
23537	2823
23699	1003
23865	14570
24186	7394
24203	3887
24271	2702
25326	1468
25628	1033
26892	2896
28	10250
3028	1726
31251	1153
31252	1020
31261	5667
31488	1055
31504	1358
31564	1424
31573	2746
31574	1212
32224	1589
32322	1758
32630	2622
33198	1726
33211	2594
33224	4264
33228	3712
33570	2809
33729	1680
33795	1385
34308	1165
34682	1506
34683	2550
34684	2184
34685	4975
34913	3729
34988	3312
34990	1390
34992	3707
3562	6502
35742	1480
35902	2635
36608	1163
38436	1158
38855	2328
3945	10703
3946	1594
39480	1242
39482	1554
39483	1340
39589	1170
39593	1041
39597	2033
3989	1079
40011	1185
40186	3367
402	2792
40228	1319
40231	1031
40450	3338
40452	2209
41083	1544
41085	4764
41086	1035
41088	1225
41481	1018
41688	1826
41814	1011
42545	1750
4285	1702
43465	17492
43467	5271
43468	2461
43469	41833
43471	1977
43473	8587
43475	3640
43476	3789
43477	1571
43478	1620
43480	26490
43481	1051
43482	32516
43484	1987
43485	1815
43486	4352
43487	3784
43488	3764
43491	5522
43492	1554
43494	8722
43495	7987
43496	12114
43497	8589
43498	5268
43499	3995
43502	4137
43503	9267
43505	1073
43508	1644
43509	2424
43510	2780
43511	3944
43513	9203
43514	8042
43515	1442
43517	3497
43518	1299
43519	3174
43520	9652
43529	1209
43532	1771
43537	3220
43538	2597
43539	14186
43540	8890
43541	1465
43542	1138
43543	2787
43548	6720
43550	12496
43553	4712
43554	4391
43557	2174
43559	6370
43560	1296
43563	1273
43564	3735
43565	1095
43566	2504
43567	2431
43569	3135
43571	1903
43572	5010
43574	1426
43575	1423
43576	4013
43577	6694
43581	1423
43582	1063
43583	3876
43586	42047
44054	2374
44056	1953
44057	1442
44059	1432
44062	2779
44065	1932
44066	1891
44067	1703
44076	3079
44079	2661
44081	1290
44085	2288
44087	2048
44092	1406
44097	1568
44100	22819
44101	1584
44103	7959
44105	3636
44106	6127
44108	1841
44113	2300
44116	2958
44123	3712
44126	5883
44130	1987
44132	3351
44133	4305
44135	2237
44139	1766
44141	1130
44143	2024
44165	1804
44172	1346
44175	2203
44178	1177
44190	1424
44196	1730
44199	7920
44200	1635
44201	2345
44203	1921
44204	1121
44207	7846
44214	1473
44216	11753
44217	2139
44219	8337
44222	2243
44224	1241
44225	3318
44227	2003
44228	2316
44229	10613
44230	34168
44234	5288
44235	3030
44238	1875
44239	1687
44241	2239
44248	3788
44250	3383
44251	2206
44253	16269
44257	2063
44258	2412
44261	5815
44265	1397
44266	4525
44268	3232
44269	1165
44272	2472
44273	2349
44274	1569
44277	2662
44279	1575
44280	1234
44282	2217
44284	1649
44289	1346
44292	2424
44295	1513
44296	22111
44301	4968
44310	2993
44313	1822
44314	1525
44316	1018
44317	1062
44319	1681
44321	3013
44325	2884
44326	2349
44327	1316
44330	1752
44331	1473
44332	6079
44333	10282
44335	1511
44342	3711
44344	1222
44348	22134
44349	1160
44355	1380
44362	4312
44363	4459
44366	2336
44368	1876
44371	1743
44493	2262
44495	2335
44498	1452
44500	1744
44504	1957
44505	2606
44506	6598
44507	2691
44512	1329
44513	1383
44514	1409
44515	1207
44519	5117
44520	1226
44526	1268
44532	1373
44536	2124
44540	1476
44542	2081
44546	6393
44547	2545
44606	1362
44618	5861
44622	2225
44625	1182
44629	6013
44631	7579
44632	3162
44636	1963
44640	6054
44641	5665
44643	12413
44644	10150
44645	3196
44646	13688
44647	2445
44648	3300
44649	2041
44656	1368
44658	11828
44659	1296
44660	3120
44661	8255
44665	8120
44666	16649
44672	2810
44674	2153
44675	1782
44676	3126
44677	1340
44684	2885
44685	5518
44686	1714
44689	3613
44692	8018
44697	3233
44700	6926
44701	3152
44704	2269
44705	5360
44711	9440
44715	3610
44716	5395
44717	4405
44718	1971
44719	1436
44726	1125
44728	13098
44730	4708
44732	2403
44733	1819
44735	1099
44736	13823
44737	6882
44739	3869
44743	2881
44744	1385
44745	2093
44752	1139
44754	1014
44756	4789
44758	1445
44762	2462
44763	1490
44765	2783
44766	1035
44769	3750
44770	3113
44773	1450
44775	2013
44777	2264
44778	1599
44779	1136
44780	1003
44781	12509
44819	1223
44820	4873
44821	6236
44826	3069
44829	1316
44833	1423
44838	1767
44839	1267
44844	4883
44851	1178
44854	10898
44858	1201
44860	1292
44861	3481
44864	1929
44867	1058
44868	3674
44871	1429
44873	1676
44875	2177
44876	3204
44877	3278
44878	1511
44881	3113
44884	3286
44892	2225
44893	1266
44894	1351
44895	1179
44900	8231
44903	3340
44910	1866
44915	2091
44916	8081
44918	1282
44925	10451
44927	1052
44928	3439
44930	12618
44931	1014
44932	1017
44937	1553
44939	1822
44942	3171
44944	4493
44947	1233
44948	1140
44949	1046
44950	9946
44951	5313
44952	1876
44955	2590
44959	3150
44960	5475
44978	1097
44982	1938
44983	6284
44985	2964
44986	4007
44987	1203
44992	1975
44993	5859
44994	7369
45004	1114
45007	5065
45009	1944
45011	2153
45012	13375
45014	5335
45015	1246
45016	14969
45024	4971
45027	5122
45029	16497
45032	1032
45035	2146
45040	1927
45041	3901
45043	2063
45051	12651
45053	13919
45057	3719
45062	1506
45075	1789
45077	2687
45080	1569
45083	2682
45090	2065
45091	7114
45093	1457
45110	2418
45112	3048
45127	5251
45131	5443
45134	5428
45136	4173
45137	6091
45144	2522
45145	2397
45146	12415
45147	1895
45148	1087
45154	4396
45155	2992
45156	9660
45158	1664
45161	1181
45163	1806
45166	1258
45182	1310
45213	13788
45216	1404
45234	1086
45245	1941
45252	1281
45253	1228
45254	26360
45256	55608
45257	3916
45258	2876
45259	1489
45269	1649
45278	1847
45283	2451
45285	13187
45286	7190
45293	1389
45294	7002
45297	4325
45303	1560
45312	1901
45313	1161
45319	1861
45323	4618
45333	1367
45338	1515
45345	2048
45349	4320
45351	5843
45358	2243
45359	2453
45363	2202
45372	4005
45373	1272
45377	4096
45378	2124
45379	4520
45380	3588
45382	1784
45390	3356
45391	2249
45392	1803
45393	1134
45395	1559
45399	3554
45402	6130
45409	2030
45412	1383
45419	3190
45430	4678
45437	10486
45438	1811
45451	3480
45452	2839
45454	1704
45466	7966
45467	5670
45471	4267
45504	1288
45534	2361
45535	1344
45537	1074
45539	3529
45541	1255
45549	1431
45550	1079
45551	2901
45556	1196
45562	2232
45564	1448
45571	1055
45595	6404
45596	1186
45600	4161
45604	1330
45605	1481
45606	4475
45610	3928
45619	1907
45620	2379
45626	1117
45627	1225
45632	1682
45633	2059
45647	4522
45648	4521
45653	1430
45657	10100
45670	2541
45672	2955
45673	3069
45677	5704
45682	3376
45685	1172
45695	1069
45697	1229
45698	1735
45707	1030
45709	1456
45712	1672
45713	2122
45715	1377
45720	1386
45721	2110
45722	1134
45727	1438
45739	1788
45755	2706
45771	1379
45789	4072
45790	27894
45792	6296
45808	1105
45818	1158
45833	2686
45836	1838
45844	3975
45848	1155
45871	1664
45874	2156
45881	1121
45882	1869
45883	1475
45885	1923
45889	4686
45890	8035
45894	1830
45898	4506
45900	1400
45906	1408
45910	1872
45911	1355
45918	1755
45924	1762
45931	1065
45933	7484
45950	18143
45951	1571
45961	6366
45970	1906
45971	1127
45975	1996
45978	2990
45983	9989
46003	5045
46007	1518
46012	1491
46013	6684
46018	1473
46019	7289
46021	1261
46023	2588
46027	2837
46035	1450
46059	11256
46060	2109
46104	3733
46112	3915
46113	4821
46116	2397
46122	4588
46131	16006
46133	2573
46136	1826
46156	2996
46173	5488
46174	5243
46180	10981
46215	10517
46218	11374
46219	1568
46228	1524
46232	2718
46233	3826
46234	1547
46236	1593
46251	1039
46255	1365
46258	3063
46259	1617
46262	1124
46272	5007
46274	10525
46277	13173
46301	1266
46303	1917
46305	1293
46323	8577
46326	4746
46327	1258
46331	4316
46339	1890
46350	1763
46354	1197
46371	2965
46392	1451
46393	10337
46400	1471
46404	11311
46405	4265
46420	1369
46429	14764
46432	2345
46435	3084
46443	1127
46449	2374
46452	8406
46457	1727
46464	3053
46465	1972
46471	1295
46485	15286
46490	3918
46491	1115
46497	2194
46498	2975
46503	3432
46504	1172
46505	2684
46506	1875
46507	2065
46509	2323
46510	1048
46527	1593
46530	9453
46537	4053
46538	4766
46549	7305
46552	1039
46563	1940
46565	1336
46566	2845
46582	4098
46587	1962
46645	1041
46650	5931
46662	1632
46665	2506
46673	1149
46677	1659
46705	1503
46725	1226
46726	1234
46766	1105
46776	1157
46782	1129
46786	1105
46793	1014
46814	4363
46817	1128
46831	1373
46835	5808
46836	3177
46838	6246
46839	1204
46840	1225
46841	2283
46846	4017
46855	3533
46861	14409
46870	1194
46871	2709
46890	2779
46891	1439
46905	1239
46912	8814
46925	1121
46926	23598
46935	7072
46936	1926
46937	1036
46940	1520
46941	1643
46944	1278
46947	2885
46960	28317
46961	1803
46962	1256
46964	1169
46966	1267
46982	2123
47004	1733
47007	5335
47017	2034
47025	1015
47026	2538
47027	7765
47029	1938
47033	7685
47066	1090
47077	1014
47080	2146
47083	8208
47087	1494
47119	5543
47135	1159
47138	13428
47140	1597
47147	1542
47149	2619
47157	1898
47158	1387
47164	1621
47191	2130
47193	1200
47199	2731
47207	1143
47209	2173
47210	2756
47217	1549
47229	2674
47236	1724
47240	4489
47242	4895
47249	3442
47254	1750
47265	1006
47268	10429
47271	6038
47272	1675
47312	4422
47320	3220
47321	3611
47326	2955
47327	4038
47328	4693
47342	1572
47351	3209
47357	1101
47358	1806
47368	1228
47382	12606
47394	1363
47396	2164
47400	1002
47447	1079
47453	16398
47456	11973
47458	1049
47459	8584
47461	8438
47462	15502
47463	2131
47464	7497
47465	3350
47466	2887
47467	7518
47473	2919
47495	1126
47498	3890
47501	1451
47502	2114
47509	5575
47511	20585
47512	1521
47516	1862
47532	2658
47546	2627
47554	1190
47562	1599
47563	1270
47566	1406
47581	1953
47585	2034
47613	1678
47633	2118
47635	3216
47641	1252
47643	1052
47646	32700
47650	1152
47651	2085
47653	1087
47654	2868
47655	2366
47662	5417
47663	2104
47677	5214
47679	2515
47686	1090
47701	1094
47712	1266
47731	9669
47732	1003
47747	6578
47750	1318
47751	1543
47754	1748
47764	1698
47768	9710
47773	9248
47780	1757
47785	1749
47793	11797
47799	1921
47808	1080
47810	22970
47824	12913
47825	4213
47841	2734
47851	1349
47857	1926
47860	1205
47863	1164
47869	4205
47874	2478
47875	3383
47878	8840
47879	10340
47882	1226
47883	35354
47904	5032
47915	2311
47923	1900
47929	5353
47943	3294
47944	1938
47949	1502
47955	13927
47959	6025
47961	1335
47970	1507
47971	1222
47976	3174
47978	4090
47988	5272
47994	1666
47995	2323
48000	1886
48001	12800
48003	2950
48008	1958
48025	1011
48026	1128
48032	1202
48042	1393
48043	3191
48044	1782
48050	1525
48051	3888
48054	3487
48055	2002
48064	3969
48065	1086
48068	1631
48069	6621
48071	1115
48074	1404
48075	3883
48082	9421
48083	11657
48086	3408
48088	2315
48089	3220
48099	2093
48101	6600
48113	4463
48135	1114
48140	2861
48143	1016
48144	1082
48169	1250
48198	3201
48199	1624
48230	1003
48265	5525
48271	3356
48272	5774
48305	6236
48356	1016
48357	1824
48406	7416
48409	2914
48414	3631
48436	1132
48441	1162
48452	8595
48453	3020
48459	1568
48460	2691
48463	3707
48468	1054
4849	6113
48511	2976
48537	2680
48542	2077
48618	1165
48619	1876
48629	1496
48645	2773
48647	2858
48651	1958
48652	1747
48666	2328
48668	1851
48673	1663
48676	1026
48677	1763
48678	1443
48696	5107
48698	5170
48712	1501
48713	2211
48723	1321
48724	1623
48725	3281
48726	1206
48727	1073
48733	4441
48734	5738
48735	3542
48746	8485
48757	4204
48764	2558
48779	1510
48782	1573
48800	6935
48801	3556
48809	3310
48810	3225
48812	1182
48814	1008
48855	7106
48870	2005
48886	1453
48894	3074
48916	1809
48943	1073
48956	3477
48962	2995
48971	2791
48973	4558
48976	3849
48980	14886
48987	1395
48989	3526
49003	3626
49011	2523
49016	1833
49017	9050
49018	2417
49024	1503
49027	5382
49038	5235
49040	1482
49048	4954
49060	1637
49062	2599
49085	4334
49098	5985
49107	3395
49123	1292
49132	1818
49133	3244
49138	2301
49140	1227
49171	1223
49184	2141
49216	2524
49218	1511
49242	3267
49261	5356
49262	3680
49320	1079
49324	3020
49327	4579
49351	1259
49354	3289
49368	1009
49393	1676
49400	4762
49405	1184
49407	1811
49422	2209
49456	1710
49459	1569
49484	1224
49488	1956
49489	1143
49491	1142
49503	1836
49511	1959
49524	1014
49535	2631
49536	5417
49537	3851
49538	3617
49539	3643
49540	1065
49541	1351
49542	3868
49545	1978
49558	5265
49569	3968
49574	9430
49576	1319
49592	5003
49594	3933
49596	1449
49599	1528
4961	10028
49610	1144
49615	2069
49630	2739
49639	3806
49640	1234
49642	5207
49655	1366
49656	1153
49663	2171
49664	1267
49670	1390
49689	2299
49695	1165
49706	3630
49708	3708
49720	1250
49722	1086
49816	1175
49818	2269
49819	4951
49821	1982
49822	5000
49823	3733
49848	12679
49853	1491
49857	240506
49858	34565
49860	1907
49865	2241
49866	4342
49982	4772
51350	1496
53114	1244
53577	1780
538	1926
53935	1075
53991	1268
54016	1338
54059	1561
54460	3443
54637	1182
55131	5080
55148	1234
55466	1060
56002	1333
56563	1043
56778	6245
56929	1073
57079	4256
57577	1423
57581	1800
57584	1249
57842	1535
57962	1009
57999	1336
58551	1889
58930	1158
59166	1058
59261	1091
59276	1443
59501	1004
59947	1244
60335	1521
60337	3095
62959	1369
80040	1647
80097	1661
80099	3936
80110	1063
80156	1740
80162	1050
80169	1025
80219	2087
80231	3411
80296	1458
80297	2160
80306	3736
80310	3191
80317	1262
80330	4909
80350	1555
80352	14556
80354	1392
80366	1302
80378	3170
80383	2509
80393	1101
80425	51619
80426	106079
80428	3259
80434	2632
80436	9377
80478	2366
80481	6878
80504	2335
80505	1311
80506	1116
80507	2024
80508	1509
80568	168411
80616	1338
80622	2534
80623	1556
80624	12791
80627	34819
80628	12015
80629	8585
80630	1056
80650	3605
80652	1284
80688	1485
80699	5586
80735	2201
80739	1101
80752	1668
80757	2898
80760	1861
80777	1413
80779	1459
80804	18117
80805	4382
80807	1975
80809	3092
8083	1173
80833	1488
80834	2317
80836	1213
80840	1324
80841	3447
80844	1284
80846	5657
80847	1846
80866	2669
80869	1041
80871	87018
80889	4690
80909	6173
80911	1146
80939	1372
80943	1901
80964	1542
80985	6730
8102	1035
81055	2227
81056	2461
81061	2667
81062	3328
81081	1509
81121	1128
81132	1314
81147	3285
81162	2239
81167	1147
81185	1120
81196	1363
81197	1410
81201	1098
81216	1817
81220	1619
81224	1033
81226	1002
81228	1054
81230	2916
81243	4304
81244	2547
81245	2169
81246	2268
81248	2688
81258	1262
81261	1025
81263	2023
81273	1266
81280	1821
81282	7091
81288	2088
81295	1901
81296	1781
81300	2723
81301	2719
81310	1295
81317	2403
81318	4648
81319	2130
81323	1566
81324	5105
81341	1238
83005	1893
83006	5948
83009	1007
83018	1554
83028	1430
83049	9243
83052	1390
83085	3766
83091	2899
83224	3428
83259	2737
83268	8515
83269	1604
83313	7710
83356	1860
83417	1711
83438	1469
83473	7462
83479	2330
83481	2483
83486	1375
83488	2567
83506	1825
83507	2993
83508	2568
83543	6208
83552	1120
83558	2232
83597	10503
83609	3693
83626	2395
83637	1521
83641	1944
83672	2118
83692	2320
83706	6847
83709	1683
83717	2657
83729	2692
83730	12980
83731	1752
83733	2629
83734	6954
83812	1073
83883	14667
83886	2940
83890	2578
83904	2167
83914	2345
83923	2294
83942	2931
83943	3747
84059	4763
84091	2665
84113	1181
84115	1420
84129	47901
84133	3095
84139	2832
84150	1219
84152	1565
84167	4112
84169	2155
84218	1128
84237	1668
84239	3846
84240	1997
84242	1765
84246	10236
84249	14609
84257	7948
84258	1688
84268	1088
84269	1323
84275	9610
84276	1408
84277	12352
84279	6790
84296	2202
84297	3682
84298	1850
84301	1009
84304	4643
84305	2313
84316	3108
84334	1789
84338	3738
84346	7239
84348	8011
84350	4320
84351	2459
84352	3102
84363	1702
84375	3674
84465	1301
84488	1717
84539	6095
84543	2021
84556	3061
84567	2889
84571	1478
84681	3116
84686	3813
84689	18792
84696	1310
847	2104
84744	1105
84759	1011
84767	3666
84769	1207
84844	1033
84845	1225
84846	1226
84847	1790
84848	1234
84854	2546
84855	1380
84906	28197
84915	1493
84926	1043
84969	1581
84995	1755
85014	1502
85052	3224
85063	1865
85108	1024
85110	3762
85131	1955
85143	21487
85156	1397
85173	2317
85190	16636
85192	34922
85356	1617
85357	1685
85361	1098
85365	1298
85367	1791
85390	13631
85396	2735
85520	1488
85539	4397
85546	1268
85547	1785
85550	17826
85551	1263
85559	1409
85575	1881
85598	1099
85599	1561
85606	2281
85643	2270
85645	4057
85654	1166
85669	1821
85701	4122
85709	1607
85712	1211
85715	1160
85716	1400
85722	1558
85727	3973
85744	1096
85754	6527
85762	2681
85773	4765
85907	1057
85913	7745
85914	1739
85920	15623
85936	1506
85937	1219
85964	1231
85973	1856
85974	2259
86109	7163
86239	1470
86253	1069
86275	5107
86326	1130
86332	1181
86351	2959
86357	1600
86370	1293
86404	1350
86487	2146
86495	1387
86520	2704
86522	2462
86528	1485
86549	1778
86556	8401
86557	2086
86561	4733
86562	1466
86563	1445
86564	2533
86632	12963
86692	3065
86702	1216
86703	3463
86706	2368
86709	1664
86715	5599
86752	1130
86758	3584
86767	1112
86772	1507
86774	3480
86778	2508
86869	1252
86976	3904
87011	1252
87023	4247
87068	1124
87077	1018
87088	3384
87097	6716
87103	3249
87104	1128
87140	2604
87165	3008
87174	2511
87175	1516
87185	1189
87238	3253
87262	1832
87263	1189
87284	1154
87334	2680
87337	2087
87361	1058
87367	2303
87384	2218
87389	1088
87395	1457
87397	1155
87428	1336
87515	4386
87520	2308
87524	2021
87537	5605
87539	1960
87593	1796
87739	1196
87741	1272
87743	1991
87746	3937
87747	1713
87866	1721
87885	4445
87939	7539
87944	1208
87968	8308
87974	1225
88009	4622
88010	3968
88011	1439
88013	12453
88017	3452
88019	1358
88031	1423
88106	1198
88107	1010
88378	2835
88403	1153
88453	4788
88470	1410
88674	1325
88684	2098
88685	4641
88704	2413
88847	1215
88848	1411
88850	1169
88855	1591
88856	2483
88934	1235
89021	8048
89025	1107
89078	2394
89090	2814
89108	1492
89125	1256
89128	1550
89140	2118
89192	2936
89193	1116
89535	3951
89536	5323
89538	4489
89540	7629
89542	3593
89579	1232
89580	1158
89610	4055
89611	1530
89612	1777
89624	1800
89632	1903
89633	1329
89634	1111
89637	8135
8968	1343
89805	1531
89820	1041
90077	1666
90079	1080
90080	1432
90081	1887
90165	1091
90208	1607
90282	8785
90293	8078
90294	25584
90295	38255
90306	7742
90308	1343
90309	1144
90320	1153
90356	4676
90357	1603
90362	1169
90366	1971
90370	7948
90371	8685
90377	2447
90480	1976
90506	1539
90507	2723
90587	2556
90594	19393
90595	4558
90609	2299
90610	4528
90611	1507
90612	3505
90693	2051
90694	11504
9071	1068
90720	1353
90722	1247
90723	1459
90751	12560
90752	3753
90757	5082
90790	2450
90792	1426
90804	2637
90810	3372
90866	1236
90923	1032
90964	1093
90967	2229
90968	3046
90974	1970
90976	1173
90982	5272
91015	1697
91019	1115
91048	9279
91189	4596
91209	1786
91211	1036
91270	3339
91307	2691
91309	1040
91339	4462
91346	3055
91384	1002
91386	1132
91387	1041
91401	1441
91481	1214
91482	1061
91546	2152
91585	1097
91637	1620
91647	1097
91893	2529
92005	2414
92012	2241
92023	9209
92056	3033
92075	1059
92089	1371
92095	2386
92297	1281
92303	1326
92308	18334
92363	2885
92382	1837
92418	1197
92419	1791
92474	1683
92483	1108
92484	1019
92488	2717
92499	1389
92509	1006
92547	2291
92690	1497
92998	30107
93022	1060
93051	1391
93064	2226
93146	2031
93216	1301
93249	1052
93251	1852
93322	1325
93323	1697
93401	76445
93406	1235
93416	5913
93421	1045
93540	1262
93573	1410
93576	3679
93577	3210
93636	1012
93656	1044
93720	4013
94041	1093
94058	1148
94070	1474
94075	2573
94175	3268
94205	1281
94212	9296
94213	25536
94335	1161
94495	3553
94496	1358
94502	1685
94646	3169
94652	1620
94694	32513
94702	1026
94722	1814
94822	1378
94823	1605
94837	2588
94951	5116
95019	5053
95046	5846
95051	6600
95103	1190
95148	12655
95169	2665
95227	3073
95228	1598
95229	1325
95230	3338
95231	3649
95232	3031
95233	2632
95234	2642
95235	1643
95236	1829
95245	6061
95399	1244
95585	1531
95612	1532
95631	1400
95664	1505
95665	2020
95701	2816
95881	1841
95890	1201
95954	1997
96059	1225
96060	1081
96139	2517
96142	1772
96156	1084
96169	1822
96201	1012
96225	1110
96317	1529
96348	2850
96356	4083
96368	1360
96396	1039
96493	1840
96502	2426
96503	2870
96517	4757
96520	3557
96690	2128
96692	2314
96800	3694
96908	1403
96944	1194
96990	1063
97003	2949
97127	2176
97146	1789
97228	3314
97231	1613
97237	2091
97238	3567
97239	1438
97371	6370
97420	7678
97422	5156
97423	1556
97424	5508
97425	2400
97426	1425
97427	2043
97428	1580
97430	3181
97432	2541
97457	1415
97487	1046
98074	3414
98092	2321
98093	2540
9815	3314
98295	1356
98296	2374
98467	1948
98475	3912
98476	1052
98556	3884
98557	1232
98558	2286
98609	1228
98723	2646
98725	1408
98733	1495
98743	2014
98762	1092
98771	2192
98851	4587
98894	1042
98913	1343
99	1076
99068	1548
99070	2190
99074	1835
99135	2001
99323	1626
99335	3778
99508	1105
99537	1103
99717	1920
99914	1069
99915	2014
99916	1064