44229,47646,80425	1055
44230,47646,80425	1487
45254,43465,49857	1228
45254,47646,80425	1430
45254,49857,44230	1168
45254,49857,46960	1619
45254,80425,43465	1060
45254,80425,49857	1840
45950,43465,49857	1159
45950,45254,49857	1113
45950,80425,49857	1218
45950,80426,43465	1110
45950,80426,49857	1785
45950,80426,80425	1800
46960,47646,80425	1004
47511,45254,49857	1395
47646,43465,49857	1003
47646,80425,43465	1130
47646,80425,47793	1015
47646,80425,49857	1487
49857,44229,80425	1039
49857,44230,46960	1051
49857,44230,47646	2002
49857,44230,80425	1766
49857,46960,47646	1233
49857,46960,80425	1154
49857,47646,80425	3064
49857,80568,47646	1456
49857,80568,80425	1356
80425,43465,49857	1316
80425,43539,48406	1310
80425,80871,43539	1754
80425,80871,48406	1421
80425,80871,49857	1460
80426,43465,49857	1422
80426,44229,80425	1030
80426,44230,47646	1481
80426,44230,80425	1288
80426,45254,43465	1229
80426,45254,46960	1046
80426,45254,47646	1478
80426,45254,49857	2642
80426,45254,80425	2472
80426,46960,47646	1080
80426,46960,80425	1013
80426,47646,43465	1224
80426,47646,47793	1052
80426,47646,49857	1516
80426,47646,80425	4951
80426,49857,44230	2362
80426,49857,46960	2050
80426,49857,47646	3215
80426,49857,47793	1042
80426,49857,80425	3476
80426,49857,80568	1456
80426,49857,95148	1127
80426,80425,43465	1534
80426,80425,47793	1105
80426,80425,49857	3074
80426,80425,80871	1664
80426,80568,47646	1645
80426,80568,80425	1616
80426,80568,84129	1181
80426,80804,80425	1040
80426,80871,44348	1614
80426,80871,49857	2122
80426,83706,43465	1046
80426,83706,80425	1098
80426,84129,47646	2543
80426,84129,80425	2975
80568,47646,80425	1816
80568,84129,47646	1272
80568,84129,80425	1231
80871,43539,48406	1774
80871,47646,80425	2120
80871,49857,43539	1289
80871,49857,44230	1964
80871,49857,47646	1978
80871,49857,80425	2180
80871,49857,80568	1008
80871,80426,47646	2216
80871,80426,49857	3247
80871,80426,80425	2683
80871,80426,80568	1299
80871,80426,84129	1488
80871,80568,47646	1124
80871,80568,80425	1156
80871,84129,47646	1251
80871,84129,80425	1337
83706,43465,49857	1089
84129,47646,80425	2623
88013,47646,80425	1465
88013,49857,47646	1257
88013,49857,80425	1153
88013,80426,47646	1326
88013,80426,49857	1061
88013,80426,80425	1226
88013,80568,47646	1124
88013,80568,80425	1053
88013,84129,47646	1033
