20715,47646	1574
20716,47646	1062
20716,49857	1599
2093,49857	1138
23537,49857	1131
40186,49857	1184
40186,80425	1157
43465,49857	1746
43469,49857	1650
43473,49857	1111
43473,84129	1105
43480,49857	2008
43482,49857	1170
43539,44230	1025
43539,49857	1061
43539,80425	2648
44100,49857	1492
44229,46485	2092
44229,47646	1914
44229,49857	3600
44229,80425	2153
44229,80426	2002
44229,84129	2511
44230,43539	1181
44230,47646	3979
44230,49857	3160
44230,80425	1113
44230,80426	1222
44230,80627	1042
44230,80804	1096
44230,80871	1632
44230,84129	3043
44230,91048	1014
44253,49857	3590
44253,80871	1386
44253,84129	1197
44296,49857	1518
44321,49857	1051
44348,49857	1590
44348,80425	1108
44348,80426	5779
44348,80627	1154
44348,80871	3212
44362,49857	1342
44643,47646	1013
44644,49857	1010
44666,49857	1169
44705,49857	1840
44728,45286	1046
44854,44728	3402
44854,46331	1457
44854,86758	1079
44930,49857	1383
45016,49857	1271
45041,49857	1146
45127,49857	1029
45254,43465	2920
45254,44230	1488
45254,45024	1195
45254,46485	1767
45254,47271	1474
45254,47511	1936
45254,47646	2845
45254,49857	9415
45254,80352	2726
45254,80425	4807
45254,80426	5138
45254,80627	1156
45254,83706	1608
45254,84129	3901
45254,84279	1430
45254,85192	1337
45254,85390	1092
45254,85920	1539
45254,91048	1081
45254,95148	1007
45286,44728	1536
45286,44854	1154
45437,49857	1034
45466,85192	1077
45647,49857	1274
45790,49857	1266
45950,43465	3514
45950,45254	1553
45950,46180	1002
45950,47242	1207
45950,47271	1198
45950,47511	1143
45950,47646	1642
45950,49857	6287
45950,49858	1095
45950,80425	3351
45950,80426	3826
45950,80568	1071
45950,80627	1747
45950,80628	1155
45950,80804	1262
45950,83706	1566
45950,84129	2178
45950,85192	1540
45950,90594	1257
45961,47033	1118
46019,49857	1097
46113,49857	1269
46131,49857	1011
46180,47511	1357
46180,49857	3079
46180,80627	2097
46180,84129	1572
46215,49857	1047
46233,47646	1078
46272,49857	1520
46274,46277	1142
46274,49857	1431
46326,43465	1134
46331,44728	1131
46485,47646	1567
46485,49857	3692
46485,80568	1348
46485,84129	3107
46538,49857	1737
46538,80425	1233
46650,49857	1288
46855,23865	1346
46861,49857	1067
46960,43465	1809
46960,44229	1195
46960,44230	2066
46960,45254	4294
46960,46180	1120
46960,46485	1951
46960,47646	3575
46960,47793	1240
46960,49857	8743
46960,80425	4083
46960,80426	4515
46960,80568	1750
46960,80627	1102
46960,80804	3527
46960,83706	1082
46960,84129	4923
46960,84279	1312
46960,85192	1657
46960,90594	2691
46960,95148	1053
47083,49857	1958
47149,43465	1159
47149,49857	1123
47149,80426	1145
47240,49857	1308
47242,49857	1441
47271,43465	2280
47271,80425	1474
47271,80426	1522
47271,84129	1200
47382,49857	1790
47453,47462	1337
47453,47467	1014
47456,47453	1039
47456,47462	1077
47459,47453	1387
47459,47456	1028
47462,47467	1129
47464,47453	1139
47464,47462	1150
47511,43465	1558
47511,45254	1258
47511,46485	1299
47511,47646	1634
47511,49857	6027
47511,80425	2388
47511,80426	2761
47511,80568	1316
47511,80627	1600
47511,84129	3163
47511,85192	1048
47511,90594	1621
47646,43465	1928
47646,47271	1091
47646,80425	3213
47646,80426	3457
47646,84129	1492
47793,44230	2016
47793,46485	1395
47793,47646	2498
47793,49327	1195
47793,49857	3579
47793,80425	2274
47793,80426	2353
47793,80568	1163
47793,84129	2293
47810,43482	1011
47810,49857	1722
47824,49857	2965
47824,84129	1316
47883,43586	1163
47883,49857	2042
47883,84906	1029
47929,49857	1563
48082,49857	1019
48406,43539	2632
48406,80425	2511
48696,49857	1861
48757,49857	1739
48800,45323	1275
48800,49857	1119
49017,49857	1022
49098,49857	2006
49327,47646	1190
49327,49857	1575
49327,80425	1075
49327,80426	1109
49327,84129	1028
49400,44728	1514
49642,49857	1709
49642,84129	1268
49819,49857	1044
49857,20715	1520
49857,23865	1243
49857,43465	3980
49857,43469	1320
49857,43473	1357
49857,43480	1339
49857,43482	2098
49857,43487	1003
49857,43539	2736
49857,43586	2601
49857,44199	1157
49857,44230	7916
49857,44268	1109
49857,44643	1739
49857,44685	1540
49857,44728	1080
49857,44930	1766
49857,45024	1083
49857,45256	3110
49857,45294	1118
49857,45380	1063
49857,46013	1995
49857,46233	1221
49857,46277	2734
49857,46326	1225
49857,46485	1451
49857,46926	1138
49857,47033	1127
49857,47119	1263
49857,47271	1681
49857,47646	11556
49857,48406	1823
49857,4849	1175
49857,49324	1021
49857,49858	1478
49857,80425	6857
49857,80426	10246
49857,80568	4636
49857,80624	2184
49857,80627	2416
49857,80628	1203
49857,80629	1133
49857,80804	2780
49857,83473	1206
49857,84129	4258
49857,84257	1083
49857,84279	1534
49857,85110	1273
49857,85190	3261
49857,85192	3553
49857,85390	1818
49857,85920	1839
49857,86561	1523
49857,87968	1397
49857,88013	3817
49857,90370	1133
49857,90594	2853
49857,91048	1339
49857,91189	1140
49857,92308	1837
49857,93401	1398
49857,94212	1399
56778,49857	1026
80352,43465	1156
80352,47646	1142
80352,49857	4267
80352,80425	1678
80352,80426	1944
80352,84129	1675
80352,84279	1107
80352,85192	1048
80425,20715	1359
80425,43465	2496
80425,44230	3241
80425,46485	1758
80425,47646	6280
80425,49857	9050
80425,49858	1021
80425,80568	3056
80425,80804	1484
80425,84129	3730
80425,88013	2422
80426,20715	1307
80426,43465	4121
80426,43539	2074
80426,44230	3733
80426,44253	1254
80426,44685	1031
80426,44930	2028
80426,45256	1611
80426,45294	1904
80426,46485	2503
80426,47646	6530
80426,47824	1570
80426,49857	12282
80426,49858	2339
80426,80425	15417
80426,80568	5519
80426,80804	1342
80426,84129	6605
80426,84279	1461
80426,88013	2281
80426,90594	1066
80426,90694	2917
80426,95148	1520
80568,20715	1234
80568,44230	1243
80568,47646	3270
80568,49857	6537
80568,80425	1056
80568,84129	3544
80568,88013	2127
80627,43465	1100
80627,47646	1095
80627,49857	4903
80627,49858	1495
80627,80425	1079
80627,80568	1202
80627,80624	2164
80627,84129	2656
80628,49857	2249
80628,80627	1804
80629,49857	1408
80629,84129	1275
80804,47511	1668
80804,49857	2553
80804,80425	1280
80804,80426	1279
80804,84129	1091
80871,43465	1138
80871,43539	4984
80871,44229	1140
80871,44230	3574
80871,44253	1917
80871,44348	1221
80871,44930	1987
80871,45254	2166
80871,45256	1273
80871,46485	1631
80871,46960	2128
80871,47646	5510
80871,47793	1268
80871,47824	2190
80871,48406	2637
80871,49857	15530
80871,49858	1658
80871,80352	1114
80871,80425	9930
80871,80426	22241
80871,80568	3877
80871,80627	2225
80871,80804	1471
80871,80889	1205
80871,84129	4138
80871,85192	1377
80871,88013	1374
80871,90594	1717
80871,93401	2269
80871,95148	1329
81230,49857	1034
83049,49857	1090
83224,49857	1034
83473,49857	1568
83473,80568	1957
83473,84129	2109
83706,43465	2439
83706,47271	1312
83706,47646	1172
83706,49857	2658
83706,80425	1730
83706,80426	2086
83730,49857	1421
83730,83734	1102
84129,43465	1493
84129,46485	1256
84129,47646	3643
84129,80425	2155
84129,80568	1773
84129,80804	1367
84249,49857	2296
84249,80568	1711
84249,84129	1594
84257,80568	1121
84279,49857	1063
84279,80425	1169
84539,49857	1533
84539,80871	1326
84686,49857	1192
84686,80425	1016
84689,49857	2520
84906,47883	1053
85143,49857	1857
85190,85192	1148
85192,43465	1649
85192,44930	1256
85192,49857	3815
85192,80425	1978
85192,80568	1503
85192,80804	1360
85192,84129	2267
85192,85190	1971
85192,85390	1241
85390,49857	1648
85390,84129	1691
85390,85192	1020
85550,49857	1188
85645,49857	1001
85920,44230	1088
85920,46485	1104
85920,49857	2494
85920,80425	1530
85920,80426	1047
85920,84129	2525
86275,49857	1091
86632,49857	1947
86632,84129	1409
86715,49857	1494
86715,84129	1323
88013,47646	2631
88013,84129	1898
89021,49857	1476
90295,49857	1251
90295,80425	1006
90306,49857	1283
90306,80426	1083
90306,90594	1007
90356,49857	1493
90356,86561	1994
90356,92547	1260
90594,46485	1763
90594,49857	3287
90594,80425	2428
90594,80426	1668
90594,84129	3389
90594,85192	1557
90594,85920	2399
90610,49857	1033
90982,49857	1348
90982,84129	1027
91048,45254	1866
91048,49857	1692
91048,84129	1499
91270,49857	1392
92547,86561	1417
93401,49857	1696
93416,49857	1431
93720,49857	1540
94213,45466	1249
94213,45467	1577
94213,49857	4021
94213,80425	1004
94213,84129	1207
94213,90694	1479
94694,49857	2936
94694,80426	1234
94694,84129	1056
95148,46019	1020
95148,46485	1944
95148,49857	4329
95148,80425	1272
95148,80426	1381
95148,84129	1890
95148,85192	1150
97238,43465	1162
97238,80425	1051
97371,49857	1111
98475,49857	1153
99335,49857	1172
